[gd_scene load_steps=11 format=3 uid="uid://02fgwua5sk3u"]

[ext_resource type="Script" path="res://src/Map.gd" id="1_42h5e"]
[ext_resource type="Script" path="res://src/Teams.gd" id="3_rttfh"]
[ext_resource type="Resource" uid="uid://qabpabfggsdp" path="res://data/team.tres" id="4_7rc8g"]
[ext_resource type="Resource" uid="uid://cimhewj2wn54n" path="res://data/green_team.tres" id="5_nphkk"]
[ext_resource type="Resource" uid="uid://r855pcta01ie" path="res://data/purple_team.tres" id="6_khoxl"]
[ext_resource type="PackedScene" uid="uid://bga4pdoo5a2mi" path="res://data/scene/Play2World/SurfaceWater.tscn" id="7_ugjrf"]
[ext_resource type="PackedScene" uid="uid://dvv4pbnyftgl8" path="res://data/scene/WorldOfWorlds/RobotWorld.tscn" id="8_lhdov"]

[sub_resource type="ProceduralSkyMaterial" id="ProceduralSkyMaterial_yeewp"]
sky_top_color = Color(0.685566, 0.615091, 0.735107, 1)
sky_horizon_color = Color(0.720143, 0.73833, 0.884369, 1)
ground_bottom_color = Color(0.195007, 0.338228, 0.802368, 1)
ground_horizon_color = Color(0.720143, 0.73833, 0.884369, 1)

[sub_resource type="Sky" id="Sky_tros3"]
sky_material = SubResource("ProceduralSkyMaterial_yeewp")

[sub_resource type="Environment" id="Environment_rhtlm"]
background_mode = 2
sky = SubResource("Sky_tros3")
tonemap_mode = 2
glow_enabled = true

[node name="WorldOfWorlds" type="Node3D"]
script = ExtResource("1_42h5e")

[node name="DirectionalLight3D" type="DirectionalLight3D" parent="."]
transform = Transform3D(-0.866025, -0.178369, 0.467102, 0, 0.934204, 0.356738, -0.5, 0.308944, -0.809045, 0, 0, 0)
shadow_enabled = true

[node name="WorldEnvironment" type="WorldEnvironment" parent="."]
environment = SubResource("Environment_rhtlm")

[node name="Teams" type="Node" parent="."]
script = ExtResource("3_rttfh")
team_list = Array[Resource]([ExtResource("4_7rc8g"), ExtResource("5_nphkk"), ExtResource("6_khoxl")])

[node name="Water" parent="." instance=ExtResource("7_ugjrf")]
transform = Transform3D(1, 0, 0, 0, 1, 0, 0, 0, 1, 0, -165.864, -10)

[node name="Play2World" parent="." instance=ExtResource("8_lhdov")]

[node name="RobotWorld" parent="." instance=ExtResource("8_lhdov")]
transform = Transform3D(-0.817607, 0, -0.575776, 0, 1, 0, 0.575776, 0, -0.817607, 1530.87, 50, 1745.58)

[node name="MemeWorld" parent="." instance=ExtResource("8_lhdov")]
transform = Transform3D(-0.254518, 0, 0.967068, 0, 1, 0, -0.967068, 0, -0.254518, -1308.84, 50, 2470.95)
